1 6 1 5172.1 5133.5 5186.9 5084.6 5182 5414.3 5576.2 5752.9 5955.2 6087.8 6238.9 6317.2 6262.7 6361 6427.4 6654.9 6835.4 6925.5 7073.5 7144 7230.6 7349.6 7339.2 7250.8 7294.6 7393.9 7560.9 7651.4 7587.3 7530.5 7261.1
2 6 1 2070 2104 2394 1651 1492 1348 1198 1192 1105 1008 994 1420 1582 1286 1133 1322 1157 1244 1843 1794 1426 1170 1021 997 1062 1013 944 861 1002 1302 1603
3 6 1 2760 2980 3200 3450 3670 3850 4000 4160 4290 4530 4720 4890 5070 5220 5420 5660 5820 5940 6070 6200 6520 6690 6930 7060 7230 7430 7480 7730 7900 8220 8380
4 6 1 3380 3670 3960 4190 4440 4700 4890 5060 5200 5490 5690 5910 6120 6340 6530 6710 6850 6980 7130 7320 7630 7710 7990 8070 8340 8570 8530 8970 9090 9440 9670
5 6 1 1980 2030 2220 2530 2610 2720 2970 2980 3100 3230 3340 3430 3810 3780 3930 3840 3890 3840 3930 4050 4040 4630 4880 5020 5160 5600 5690 5830 6050 6440 6840
6 6 1 1988.65 2073.59 2144.04 2147.85 2180.73 2240.89 2311.21 2392.71 2470.71 2572.71 2718.48 2778.76 2903.94 2918.9 2977.39 3062.05 3151.34 3361.47 4009.21
7 6 1 2158.96 2216.71 2252.75 2217.93 2215.01 2235.28 2282 2328.25 2343.31 2405.12 2502.4 2521.06 2604.74 2620.9 2640.29 2698.93 2748.12 2912.29 3669.46
8 6 1 2164.71 2169.77 2240.05 2294.09 2327.14 2351.64 2368.54 2364.42 2344.55 2347.72 2419.65 2396.56 2374.46 2371.94 2367.11 2358.06 2343.01 2347.41 2400.96
9 6 1 1921.437 1930.91 1962.385 1958.382 1969.578 1976.896 1987.062 2005.7 2022.441 2052.031 2099.409 2105.193 2117.645 2122.33 2124.897 2134.967 2150.078 2184.454 2290.372
10 6 1 1972.008 1997.897 2016.821 2030.903 2047.455 2040.738 2058.683 2076.498 2076.642 2081.677 2133.2 2130.784 2120.295 2117.319 2115.847 2097.978 2080.331 2131.712 2330.471
